koordinate_merenjastanica,North,East,H,mmperm2
Ada,45.8022222,20.1313889,80,556.5
AdûineLivade,43.8944444,20.8780556,580,825.8
Akmacici,43.4222222,19.8852778,1000,820.2
Aldinac,43.5330556,22.4555556,650,798.1
Aleksaäantic,45.9308333,19.3297222,120,561.5
Aleksandrovac(P.),44.4483333,21.22,98,573.8
Aleksandrovac(Zupa),43.4583333,21.0577778,360,692.6
Aleksinac,43.5425,21.7136111,180,564
Alibunar,45.0808333,20.9716667,80,639.5
Aljinovici,43.3369444,19.8538889,1180,856.3
Apatin,45.6713889,18.9891667,85,659.5
Aradac,45.3827778,20.3072222,80,567.8
Arandjelovac,44.3011111,20.58,250,694
Arilje,43.7536111,20.1016667,350,836.8
Aöanja,44.7577778,20.115,80,655.2
Avala(öums.Upr.),44.6905556,20.5191667,511,714.5
Azanja,44.4344444,20.8852778,170,653.5
Babljak,42.4472222,21.1558333,545,661
Babuönica,43.0658333,22.4183333,495,674.3
Bac,45.3919444,19.2419444,85,609.2
BackaPalanka,45.2508333,19.3972222,80,653.6
BackaTopola,45.8177778,19.655,100,573.8
BackiBreg,45.9197222,18.9336111,95,604.3
BackiBrestovac,45.6161111,19.2708333,90,608.3
BackiGracac,45.5547222,19.3288889,85,589.5
BackiMonoötor,45.7925,18.9386111,85,599.3
BackiPetrovac,45.3605556,19.5969444,85,592.2
BackoGradiöte,45.5322222,20.0341667,85,623.9
BackoN.Selo,45.2941667,19.1463889,80,680.2
BackoP.Selo,45.7080556,20.0808333,80,555.6
Badnjevac,44.1369444,21.0061111,165,631.4
Badovinci,44.8191667,19.3766667,85,672.6
BajinaBaöta,43.9705556,19.5725,270,796.3
Bajmok,45.9672222,19.4347222,115,564.5
Balajnac,43.2741667,21.7827778,205,543.3
BanatskaPalanka,44.8441667,21.3377778,75,702.3
BanatskiBrestovac,44.7272222,20.8108333,80,643
BanatskiDvor,45.5205556,20.5197222,85,613.9
BanatskiKarlovac,45.0469444,21.0216667,100,644.9
BanatskoArandelovo,46.0680556,20.2508333,80,552.8
BanatskoKaradordevo,45.5888889,20.5658333,80,564.4
BanatskoN.Selo,44.9897222,20.7888889,105,631.8
BanatskoPland.,45.2286111,21.1280556,80,635
BanatskoV.Selo,45.8272222,20.6047222,80,543.4
Banicina,44.2888889,20.9430556,170,672.1
BanjaKoviljaca,44.5122222,19.1636111,190,862.3
Banjani,44.5375,19.9852778,120,699.7
Banjska,42.9727778,20.7872222,540,617.9
Banoötor,45.2127778,19.6186111,115,659.1
BanovoPolje,44.91,19.4516667,80,661.8
Barajevo,44.5775,20.4222222,270,732
Barbatovac,43.2277778,21.2644444,430,648.8
Bare(Kragujevac),44.0461111,20.6936111,330,669.1
Barelice,42.4616667,22.0527778,1120,712.9
Barice,45.1816667,21.0858333,80,650.8
Barje,42.8266667,21.8102778,445,807.7
Baöaid,45.6405556,20.4197222,80,660.3
Basare,43.4716667,20.0527778,1150,954.4
Batajnica,44.9058333,20.2802778,80,630.3
Batrovci,45.0530556,19.1375,85,687.6
Batuöa,44.5311111,21.32,110,636.8
Bavaniöte,44.8186111,20.8813889,80,653.1
Bazovik,43.3027778,22.4513889,710,657.1
Becej,45.6158333,20.0547222,78,590.5
Begejci,45.5083333,20.6127778,80,617.9
BelaCrkva(Drim),42.3563889,20.6008333,320,760.4
BelaCrkva(Vröac),44.9030556,21.4302778,90,662
BelaPalanka,43.2177778,22.3169444,290,620.4
Belanovica,44.2475,20.4019444,270,819.1
Belegiö,45.0191667,20.3388889,100,633.6
BeliPotok,43.535,22.0883333,620,703.8
Beljanicai.,44.0822222,21.8288889,1284,1100
Beljanicaz.,44.1116667,21.705,1339,1150
BeloBlato,45.2741667,20.3780556,75,581.4
BeloBrdo,43.2347222,20.8269444,1200,920
Beloljin,43.2322222,21.4036111,295,538.8
Belosavci,44.3280556,20.6963889,165,668.1
Beoce(Raöka),43.3380556,20.6397222,425,584.6
Beocin,45.1938889,19.7302778,162,654.8
Beogradbotanickab.,44.815,20.4791667,95,698
Beogradopserv.,44.7791667,20.4386111,132,685
Beöenovo,45.0827778,19.7088889,150,613.9
BesnaKobila,42.5288889,22.2366667,1922,1143
BesniFok,44.9958333,20.4036111,75,588.4
Bezdan,45.8480556,18.9333333,90,583.8
Bica,42.68,20.6058333,510,637.9
Bikovo,46.02,19.7630556,110,581.4
Bilince,42.4177778,21.6136111,600,653.5
Binac,42.2969444,21.3686111,580,746.8
Bistra,41.9183333,20.7811111,2640,1554
Bistraûin,42.355,20.5169444,330,782.1
Bjeloperice,43.9741667,19.9686111,455,780.8
Bjeluöa,43.6130556,20.0225,860,1051.6
Blace,43.2952778,21.2913889,395,687
Blato,42.5416667,21.6502778,490,582.5
Blaûevo,43.2261111,20.9272222,800,804
Bocar,45.77,20.2866667,85,541.2
Bogaraö,45.9344444,19.9330556,80,600
Bogatic,44.8375,19.4858333,85,662.2
Boge,42.7419444,20.0594444,1360,1120
Bogicevica,42.5738889,20.1138889,2502,1700
Bogojevac,43.0466667,21.9652778,220,583.6
Bogojevo,45.5302778,19.1355556,85,621.3
Bojnik,43.0125,21.7269444,215,648.5
Boljetin,44.5261111,22.0366667,80,740.9
Boljevac,43.8294444,21.9641667,300,706.4
Boljevci,44.7227778,20.2216667,70,650.9
Bor,44.0780556,22.1008333,386,643.8
Borac,43.9605556,20.6116667,360,661.2
Borca,44.8716667,20.4619444,75,631.5
Borcane,43.0747222,20.9213889,1100,697.8
Borince,42.9786111,21.5766667,640,662.6
Borivice,43.3463889,20.4991667,840,722.9
Borovo,43.495,20.74,760,693.1
Bosilegrad,42.4975,22.4747222,830,644
Bostane,42.6008333,21.43,820,686.2
Bosut,44.9338889,19.3713889,85,657.7
Botunje,44.0638889,21.0241667,175,695.5
Boûdarevac,44.5558333,20.3936111,150,690.5
Boûevce,42.5458333,21.5583333,600,635.2
Boûica,42.6166667,22.4080556,1130,748.6
Brabonjic,42.8444444,20.7977778,640,662.5
Bradarac,44.6905556,21.2386111,100,701
Branicevo,44.705,21.5433333,85,638.6
Brankovci,42.4152778,22.4933333,720,680.4
Brankovina,44.3622222,19.8905556,250,802.2
Brenica,43.3822222,21.9330556,480,678.9
Brestac,44.8611111,19.9080556,80,617.4
BrestovDol,43.0391667,22.3102778,660,842.5
Brestovac,44.1841667,22.4113889,250,733.5
BrestovackaBanja,44.0594444,22.0497222,350,698.5
Breûde,44.1911111,20.0766667,340,989.7
Brezna,42.1227778,20.6375,1020,947.7
Brezovica,43.5669444,20.9758333,300,753.9
Brnjak,42.9394444,20.5722222,1060,713.1
Brnjica,44.6563889,21.7716667,70,706.1
Brodarevo,43.2302778,19.7236111,500,753.4
Brus,43.3836111,21.0388889,440,683
Brusnik,44.1069444,22.4519444,200,641.1
BrzaPalanka,44.4675,22.455,60,752
Brzohode,44.3580556,21.2877778,280,647.1
Budakovo,42.3583333,20.9416667,1020,842.3
Budevo,43.1455556,20.0558333,1300,783.4
Bujanovac,42.4588889,21.7722222,400,631.5
Bukoloram,43.1616667,21.4805556,580,700.9
BukovickaBanja,44.3094444,20.5594444,265,672.4
Bukulja,44.2983333,20.5341667,696,920
Bukurovac,43.2441667,22.3480556,390,811.4
BumbarevoBrdo,43.9083333,20.6344444,350,658.8
Bunar,43.9202778,21.1536111,180,651.8
C.Cot,45.1516667,19.7169444,538,825
Cacak,43.8911111,20.3547222,250,748
Cajetina,43.7266667,19.7044444,840,961.3
Calma,45.0794444,19.5125,130,619.3
Cantavir,45.9197222,19.7688889,100,548
Cecevo(ZubinPotok),42.9175,20.6127778,1120,877.7
Cekmin,43.1080556,21.9072222,218,618
Celarevo,45.2691667,19.5308333,80,624
Celopek,42.5758333,20.4469444,430,790.3
Cemernik,42.7338889,22.2819444,1638,930
Cemerno,43.8336111,20.43,1579,980
Ceremoönja,44.405,21.6558333,330,806.2
Cerovica,43.6122222,22.0638889,620,709.9
Ceöljevabara,44.615,21.4936111,125,637.6
Ciflik,43.2233333,22.4133333,402,605.9
Citluk,43.6441667,22.0269444,500,700.6
Coka,45.9422222,20.1491667,85,562.5
Cortanovci,45.1591667,20.0144444,140,608.7
Crepaja,45.0094444,20.6419444,80,617.3
Crkovnica,43.1211111,22.0247222,583,759.3
CrnaBara,45.9725,20.2808333,80,555.7
CrnaBara(Potiska),45.9719444,20.2816667,80,516.6
CrnaTrava,42.8108333,22.3086111,980,896
Crnajka,44.2847222,22.1497222,180,686
Crnca,44.2847222,19.2847222,400,751.2
CrniVrh(Bor),44.1436111,21.9730556,834,827
Crnook,42.4252778,22.3958333,1871,1100
Crnotince,42.3577778,21.7061111,395,647
Crvenka,45.6558333,19.4661111,80,560.1
Culine,44.2944444,19.1738889,170,820
Cuprija,43.9272222,21.3755556,123,649.5
Curug,45.4730556,20.0769444,80,567.3
Cuötica,43.3688889,22.525,500,793.3
D.BelaReka,44.0733333,22.2108333,170,687.2
D.Borina,44.4397222,19.1633333,200,872.2
D.Grbice,44.0658333,20.7969444,380,616.8
D.Kamenica,43.4883333,22.3336111,280,645.9
D.Koritnica,43.1463889,22.3325,400,681.9
D.Leskovice,44.1811111,19.8347222,600,952.9
D.Ljubata,42.5013889,22.3469444,1000,622.4
D.Muöic,44.2711111,20.1358333,180,843.2
D.Mutnica,43.8530556,21.5625,230,673.1
D.Obilic,42.695,20.7197222,570,596.8
D.Rinj,43.2919444,22.3088889,735,861.6
D.äatornja,44.1944444,20.6111111,320,722.5
D.Stupanj,43.4936111,21.1961111,320,653.2
D.Tlamino,42.3591667,22.4352778,1020,651.7
D.Toponica,43.4111111,21.7933333,180,617.9
–akovica,42.3797222,20.4361111,360,872.6
Daöevci,42.7105556,20.8619444,720,639.7
Davidovac(S.Banja),43.5102778,21.9916667,660,732.7
DebeliLug,44.3677778,21.915,305,786.3
Debrc,44.6230556,19.8913889,145,744.9
Decane,42.5430556,20.2952778,580,1076
Degrmen(Podujevo),42.9441667,21.3025,630,657.5
DeliJovan,44.225,22.2275,1135,950
Deliblato,44.8408333,21.0711111,90,625
–eravica,42.5327778,20.1461111,2656,1700
–erdap(Karataö),44.6733333,22.5130556,73,670
Deronje,45.4541667,19.2247222,90,601.3
Desic,44.6236111,19.5261111,155,703.6
Desivojce,42.6572222,21.7330556,690,881.3
Despotovac,44.0925,21.4519444,190,758
Despotovo,45.4611111,19.5591667,85,652
DevetJugovica,42.7205556,21.1411111,630,642
Devica,43.5941667,21.9377778,1187,730
Devotin,42.5975,21.8825,1005,802.2
Dimitrovgrad,43.0130556,22.7311111,446,651
Divci(Prijepolje),43.3330556,19.6761111,501,820
Divcibare,44.105,19.9966667,960,1011
Dobra,44.6383333,21.9144444,70,646.2
DobriDo(Azanja),44.4869444,20.9569444,190,633.3
DobriDub,42.6419444,21.0680556,540,629.2
Dobric,44.7019444,19.5861111,90,762.3
Dobrica,45.2130556,20.8538889,85,672.4
Dobrinci,44.9536111,19.9291667,85,650
DobroPolje(Ostrozub),42.8922222,22.2866667,1150,952.3
Dobroselica,43.6161111,19.7097222,880,897.8
Dobroöevac,42.6555556,20.945,560,706.1
Dojkinci,43.2255556,22.7877778,880,944.2
Dolac(Klina),42.5961111,20.6019444,440,720.9
Dolovo,44.9019444,20.8808333,95,589.8
Domorovce,42.5172222,21.6502778,375,635.1
DonjaGuöterica,42.5452778,21.3702778,580,569.6
DonjeCrniljevo,44.4669444,19.6313889,180,843.8
DonjeJaruöice,44.1916667,20.8702778,240,709.8
DonjiDuönik,43.1630556,22.115,330,750
DonjiMilanovac,44.4630556,22.1594444,80,616
Draga(Tutin),42.9011111,20.3741667,1130,965.5
Dragaö,42.0633333,20.6566667,1060,842
Draginac,44.4980556,19.4436111,150,834.7
Dragojevac,44.6963889,19.855,150,674.2
Dragovac,44.6169444,21.1086111,80,696.9
Dren,42.8516667,20.6530556,990,769.5
Drljan,45.7180556,19.8319444,100,540.6
Dub,43.9563889,19.6805556,360,865.6
Dubovac,44.7930556,21.2141667,75,685
Dubovo,43.1077778,21.7041667,395,579.1
Dubravica,44.6977778,21.0869444,75,638.3
Dudovica,44.2986111,20.2705556,135,801.2
DugaLuka,43.2444444,19.7305556,540,698.1
DugaPoljana(Sjenica),43.2505556,20.2327778,1060,690
Dukat(pl),42.4252778,22.3952778,1881,1205
Dukat(selo),42.4386111,22.3136111,1100,741
DuljeHan,42.4094444,20.9019444,665,776.7
Dunavo(Presevo),42.2711111,21.5658333,850,770.8
–unis,43.5841667,21.5133333,160,664
Dvorska(Krupanj),44.4477778,19.395,315,824
Ecka,45.3183333,20.4480556,80,564.5
Elemir,45.4427778,20.3033333,80,571.8
Erdevik,45.1186111,19.4127778,134,639.8
Farkaûdin,45.19,20.4783333,80,583.3
Firaja(Strpce),42.2494444,21.1027778,900,832.9
Flamunda,44.9341667,21.0788889,160,635
Futog,45.2411111,19.7161111,80,638
G.Banjani,44.1013889,20.2708333,470,904.8
G.Budriga,42.3711111,21.4238889,505,649.6
G.Dobrinja,43.9602778,20.0852778,530,826.8
G.Gabrica(Kacanik),42.28,21.2030556,620,717.1
G.Gorevnica,43.9513889,20.3022222,340,681.3
G.Jablanica,43.6519444,19.5894444,865,1006.3
G.Joöanica(Jastrebac),43.3422222,21.3705556,495,760.9
G.Lisina,42.5608333,22.3705556,1030,836.2
G.Matejevac,43.3641667,21.9733333,360,635.7
G.Mirnica,43.1486111,21.1583333,910,801
G.Rogatica,45.8052778,19.4786111,100,570.4
G.ätiplje,44.0175,21.1377778,350,823.3
G.Streoc,42.5772222,20.2983333,615,991.8
G.Trepca,43.9466667,20.4841667,300,718.4
G.Treönjica,44.1294444,19.5194444,225,931
Gaj,44.7936111,21.0544444,80,660
Gajdobra,45.3519444,19.4497222,85,584.2
Gakovo,45.9013889,19.0661111,90,623.9
Galica,42.7813889,20.8708333,660,626.3
Gamzigrad,43.9097222,22.1802778,250,653.7
Gardinovci,45.2019444,20.1405556,85,611.1
Garina,43.1269444,22.0680556,1059,940
Giljeva,43.18,19.9122222,1617,900
Glavicica,42.64,20.4291667,450,763.7
Gledicj.,43.8611111,20.9097222,895,840
Gledics.,43.7508333,20.9547222,922,860
Globare,42.6469444,20.8763889,620,751.8
Glodane(Decane),42.5063889,20.3677778,512,682
Glogovac(BelaPalanka),43.2544444,22.2033333,345,687.6
Glogovica(Aleksinac),43.5294444,21.7413889,215,589.9
Gluöci,44.8908333,19.5558333,80,634.9
Gnjilane,42.4619444,21.4741667,520,589.1
Goc(pl.),43.5816667,20.7969444,1127,1150
Goc(s.),43.5613889,20.8325,990,1003
Godacica,43.7822222,20.8611111,295,706.4
Gokcanica,43.4880556,20.7141667,480,687.2
GolemoSelo,42.7152778,21.8627778,485,789.2
Goleöa,43.5038889,19.5061111,860,972
Golija(JankovKamen),43.3402778,20.2805556,1833,1098
Goljak(vrhLisica),42.7447222,21.3980556,1184,960
Golubac,44.6494444,21.6383333,70,650.8
Golubinje,44.5022222,22.2113889,75,707.7
Goracici,43.7730556,20.3416667,480,819
GornjiMilanovac,44.0252778,20.4644444,335,775
Goöevo(Giljeva),43.1291667,19.9086111,1225,771.3
Gospodinci,45.4013889,19.9869444,80,579.8
Gostinica,43.9094444,19.8197222,810,923.5
Grabovci,44.765,19.8461111,80,590
Gradaönica,43.0438889,22.0786111,480,694
Gradskovo,44.0202778,22.3875,315,665.6
Gramada,42.7930556,22.3788889,1721,1075
Grdelica,42.8919444,22.0777778,360,745.9
Grebenac,44.8952778,21.2852778,85,670
Grkinja,43.2083333,22.0022222,345,689.3
Grocka,44.6716667,20.7230556,105,617.7
Groönica,43.9508333,20.8788889,280,711.9
Grot,42.6252778,21.9133333,1327,830
Gruûa,43.8986111,20.7761111,260,705
Guca,43.7772222,20.2316667,340,790.9
Gucevo,44.4466667,19.1902778,779,950
Gulenovci,43.1027778,22.8288889,695,720
Gulijan,43.3636111,22.2569444,500,797.5
Gunaroö,45.7605556,19.8294444,100,563.1
Hajducica,45.2486111,20.9630556,75,657.8
Hajla,42.7613889,20.1311111,2403,1571
Hetin,45.6641667,20.7963889,80,572.9
Homljez.(ätubej),44.3583333,21.6347222,940,930
Homoljei.(Kupinovagl.),44.3147222,21.8083333,923,960
Horgoö,46.1533333,19.9716667,95,556.8
Hrtkovci,44.8788889,19.7758333,80,605
Ilandûa,45.1694444,20.9247222,85,605.9
Indija,45.015,20.0861111,100,746.5
Irig,45.0961111,19.8680556,185,623.7
IriökiVenac,45.16,19.8669444,516,837.1
Istok,42.7805556,20.4927778,465,658
IvanKula,42.9566667,21.4216667,615,656.9
Ivanjica,43.5794444,20.2369444,465,855
Jablanica(Rtanj),43.8347222,21.8705556,300,724.1
Jabuka,44.9497222,20.6327778,70,635
Jabuka(Prijepolje),43.3491667,19.5202778,1220,850
Jabukovac(Krajina),44.3461111,22.3861111,175,748.7
Jagodici,44.1130556,19.6888889,760,954.2
Jagodina,43.9794444,21.2641667,115,604
Jamena,44.8847222,19.0688889,85,739.6
Janjevo,42.5738889,21.2511111,760,623.2
JankovMost,45.4752778,20.4397222,80,572.1
Jarkovac,45.2683333,20.7641667,80,579.2
JaöaTomic,45.4475,20.8591667,80,597.5
Jasenovo,44.9363889,21.3127778,80,660
Jastrebac,43.3925,21.4486111,1492,1051
Javor,43.3313889,20.1061111,1468,1080
Jazak,45.1047222,19.7691667,205,628.2
Jaûince,42.2155556,20.9919444,950,988.3
Jelaönica(Surdulica),42.6419444,22.0963889,430,752.6
Jelica,43.7936111,20.365,929,820
Jezero(SokoBanja),43.5708333,21.9069444,800,695.2
Jezerskapl.,42.3086111,21.0658333,1544,1020
Joöanica(Mlava),44.2827778,21.7194444,360,744
Joöanica(s.Moravica),43.7269444,21.7780556,460,715.5
JoöanickaBanja,43.3894444,20.7572222,555,724.7
Joöeva,44.5794444,19.4091667,145,905.6
Juhor,43.8119444,21.27,774,830
Junickapl.,42.5019444,20.1838889,2305,1625
Junik,42.4758333,20.2830556,530,1447.4
Kac,45.3036111,19.9475,80,595.6
Kacandol,43.0155556,21.0472222,1300,786.4
Kacanik,42.2319444,21.2738889,470,868.8
Kadibogaz,43.6244444,22.4872222,540,940
Kalabak,41.9177778,20.5816667,2174,1360
Kalenic,44.4941667,20.2061111,105,726.1
Kaletinac,43.1544444,22.1669444,660,862.4
Kalna,43.4105556,22.43,400,685.3
Kalna(Vlasina),42.8675,22.4511111,950,800.1
Kalovo,42.3375,22.1752778,1040,812.8
KamenaGlava,42.3388889,21.2308333,510,697
Kamenica(Dimitr.),43.1344444,22.8975,803,694.9
Kamenica(Kosov.),42.5830556,21.5783333,480,566.4
Kamenica(Poûega),43.8872222,19.9288889,460,747.2
Kamenica(Valjevo),44.3444444,19.7283333,320,967.7
Kamenica(éicka),43.6069444,20.7063889,380,897
Kaona(Dragacevo),43.7130556,20.4133333,570,924.3
Kaona(Posavska),44.5455556,19.6919444,186,827.8
KarajukicaBunari,43.0913889,20.0975,1160,825
Karamanica,42.3491667,22.345,1340,815
Katici,43.5705556,20.06,1010,956.7
Katrga,43.8311111,20.5602778,210,730.9
Kelebija,46.1488889,19.5877778,130,580
Kijevac,43.0169444,22.5005556,850,860.1
KijevoAKMO,42.5647222,20.7219444,510,746.1
Kikinda,45.8297222,20.4708333,81,548
KiselaBanja,42.8197222,21.1536111,620,708.6
Kladernica,42.7441667,20.7,615,635.5
Kladovo,44.6113889,22.6163889,45,691.5
Kladurovo,44.4386111,21.5436111,300,746.7
Klenike,42.3891667,21.8941667,460,575.4
Klicevac,44.7563889,21.295,100,652.1
Klina,42.6186111,20.5811111,385,741
Klisura,42.7563889,22.4133333,800,736.9
Kljajicevo,45.7697222,19.2833333,90,587.4
Klokocevac,44.3469444,22.1852778,125,743.8
Kneûevac(Bgd),44.7325,20.4375,110,707.6
Knic,43.9277778,20.7175,320,677.4
Knjaûevac,43.5638889,22.2666667,280,627
Kobanja,42.2161111,20.6461111,420,686.8
Kobilje,44.5219444,21.4522222,215,703.5
Kocane,43.1855556,21.8419444,180,634.8
Koceljeva,44.4672222,19.8255556,130,780
Kocetin,44.3988889,21.3033333,160,687.7
Kolari,44.5847222,20.9044444,100,649.9
Komorane,42.5761111,20.9077778,585,664.9
Konak,45.315,20.9180556,80,603.1
Kopaonik,43.2852778,20.8066667,1711,963.9
Korbevac,42.5888889,22.0188889,371,695.3
Korbovo,44.5238889,22.7133333,55,679.4
Korbulic,42.2361111,21.3419444,690,876.9
Koritnik,42.0802778,20.5619444,2395,1400
Kosjeric,43.9944444,19.9155556,430,781.7
Kosovica,43.4927778,20.2155556,830,906.4
KosovskaMitrovica,42.8883333,20.8791667,510,624
Kostadince,42.6297222,21.6152778,860,685
Kostojevici,44.0072222,19.6925,300,824.7
Kostolac,44.735,21.2011111,115,671.1
Koötunic,44.0713889,20.2002778,580,832.8
Kotlenik,43.8433333,20.6838889,749,820
Kotlina,42.175,21.2361111,825,837.6
Kovacica,45.1130556,20.6277778,80,604.6
Kovilj,45.2352778,20.0541667,80,616.8
Koviljaca,44.5147222,19.1913889,180,862.8
Kovilovo,44.1022222,22.6097222,85,670.2
Kovin,44.7422222,20.9830556,81,653
Kozjak,44.5866667,19.2888889,120,855.3
Kragujevac,44.0119444,20.9175,175,649
Krajiönik,45.4530556,20.7333333,80,628.1
Krajmirovce,42.4861111,20.9358333,650,776.1
KrajniDel,42.6058333,21.7086111,915,688
Kraljevo,43.7258333,20.6980556,219,763
Krasmirovac,42.7247222,20.9333333,820,767.3
Krcedin,45.14,20.1386111,115,601.4
Kremna,43.8294444,19.5713889,920,1011.2
Krepoljin,44.2586111,21.6077778,240,810.9
Kreûbinac,43.7941667,21.45,160,654.6
KrivaFeja,42.5586111,22.1797222,1150,995.3
KrivaReka(Brus),43.3675,20.8813889,1170,928.4
KrivaReka(Kolub.),44.1208333,20.4016667,310,739.9
Krivelj,44.1208333,22.13,330,790
KriviVir,43.8227778,21.7536111,420,692.9
Krnjevo,44.4052778,21.0511111,115,616.3
Krpimej,42.9922222,21.1483333,680,688
Krupac,43.1205556,22.6797222,405,636.6
Krupaja,44.1722222,21.5869444,255,799.8
Krupanj,44.3655556,19.3672222,280,912.9
Kruöar,44.0144444,21.3441667,120,669
Kruöcic,45.6152778,19.3644444,85,590.7
Kruöcica,43.6888889,19.9794444,650,922.2
Kruöevac,43.5825,21.3325,166,634.7
Kruöevica(Vlasina),42.9816667,22.2008333,300,787.5
Kucevo,44.4763889,21.6763889,170,775
Kuciöte(Pec),42.6941667,20.0819444,1115,1047
Kucura,45.52,19.5941667,85,584.4
Kukavica(Vlajna),42.7908333,21.9519444,1442,938
Kukujevci,45.0705556,19.3466667,90,654
Kula,45.6141667,19.5208333,85,577.2
Kumane,45.5377778,20.2341667,80,563.5
Kupci,43.4552778,21.2386111,245,720.7
Kupinovo,44.7108333,20.0808333,75,610
Kupusina,45.7413889,19.025,85,613.1
Kuröumlija,43.1388889,21.2791667,380,649
Kusadak,44.4033333,20.8177778,160,659.2
Kuöici,43.4836111,20.1044444,910,963.6
Kuöiljevo,44.2855556,21.2163889,100,649.2
Kuönin,42.2752778,20.5427778,405,795
Kuötilj,45.035,21.3847222,90,724.1
Lajkovac,44.3702778,20.1686111,120,692.1
Lalinac,43.4436111,22.0255556,430,654.3
LapljeSelo,42.5963889,21.1461111,560,666.5
LapovoVaroö,44.1830556,21.1013889,130,682.4
Lazarevac,44.3894444,20.2958333,140,763.2
Lazarevo,45.3844444,20.545,80,602.1
Lebane,42.9175,21.7422222,280,697
Lenovac,43.8047222,22.17,300,688.7
Leposavic,43.1041667,20.81,540,603.5
Leöak,43.1669444,20.7566667,450,618.6
Leskovac,42.995,21.9563889,224,610
Leûimir,45.1233333,19.5758333,200,732.9
Lipar,45.7055556,19.5597222,115,556.4
Lipljan,42.525,21.1263889,550,611.9
Lipolist,44.6980556,19.5063889,92,776.3
Lipovac,42.3105556,20.4822222,441,1012.8
Lipovica,42.7627778,21.7336111,900,963.9
Ljig,44.2205556,20.2444444,150,810.1
Ljuba,45.1511111,19.4241667,220,730
Ljubiö,43.6180556,19.8619444,820,1006.3
Ljuboten,42.2063889,21.1244444,2498,1465
Ljubovija,44.1883333,19.3772222,190,923
Ljutice,44.0161111,20.0238889,665,746.5
Ljutoglava,42.2738889,20.7922222,400,773.6
Loboder,43.7236111,20.9608333,630,797.1
Locika,43.4380556,21.7038889,195,647.8
Lopuûnje(N.Pazar),43.0991667,20.6447222,990,782.2
Lovcenac,45.6822222,19.6969444,100,543.1
Loznica,44.5341667,19.2294444,147,821
Lukovac,44.3166667,19.9841667,200,784.2
Lukovo(Boljevac),43.8041667,21.8430556,345,791
Lukovo(Kuröum.),43.1722222,21.0491667,580,927.6
Mackatica(sk.),42.7525,22.195,850,873.7
MacvanskiPricinovicc,44.8483333,19.6394444,80,644.5
Majdanpek,44.4269444,21.9386111,340,840
Majinovici,44.2802778,19.7322222,310,901
MalaBosna,46.0413889,19.5766667,120,550.2
MalaKrsna,44.585,21.0158333,85,656
MalePijace,46.1119444,19.9211111,105,538.8
MaliDrenovac,43.4572222,21.6797222,240,618.3
MaliPoûaraevac,44.5630556,20.6594444,170,648.7
MaliStapar,45.6997222,19.3258333,90,582.3
MaliZvornik,44.3966667,19.1172222,160,943.8
Maliöevo,42.4819444,20.7511111,530,684.2
Maljen,44.1188889,20.0277778,1104,930
MaloLaole,44.3202778,21.4702778,165,700.3
Malosiöte,43.2372222,21.8575,195,642.4
Mandelos,45.0838889,19.6005556,140,686.3
Manjinac,43.6655556,22.2025,400,684
Marinovac,43.7436111,22.2152778,440,724.3
Markovac,45.15,21.4788889,140,720
Martinci,45.0108333,19.4675,82,649.7
Martonoö,46.1138889,20.0638889,83,551.8
Meda,45.5358333,20.8125,80,597.6
Medveda,42.8416667,21.5911111,420,678.5
Melaje,43.1133333,20.2936111,980,745.2
Melenci,45.5152778,20.3211111,80,593.5
Melnica,44.3916667,21.5377778,240,714.5
Metovnica,43.9561111,22.1461111,195,676.2
Midûor,43.395,22.6830556,2170,1200
Mihajlovac,44.3716667,22.5019444,50,680.3
Milentija,43.435,20.9944444,500,675.1
Miljkovac,43.4302778,21.8644444,225,662.1
Miloöevo(Bagrdan),44.1052778,21.1613889,115,696.1
Milutinovac,44.555,22.6083333,50,680.4
Minicevo,43.6830556,22.2977778,185,555.9
Mionica,44.2522222,20.0872222,180,824
Miraö,42.4483333,21.2294444,590,637.2
Miroc(pl.),44.5922222,22.2847222,768,960
Miroc(s.),44.4783333,22.2569444,480,800
Miöljenovac,44.5388889,21.5736111,130,668.4
Mladenovac,44.4408333,20.6980556,175,614
Mladenovo,45.2866667,19.3041667,80,690
Mojsinje,43.8897222,20.4763889,287,666.1
MokraGora(Kosovo),42.8313889,20.3677778,2154,1400
MokraGora(Kremna),43.7905556,19.5113889,550,789.5
Mokrapl.,42.6894444,20.0083333,2112,1535
Mokranje,44.1561111,22.5519444,80,662
Mokrin,45.9347222,20.4175,85,558.4
Morovic,45.0069444,19.2497222,85,690
Moöorin,45.3,20.1836111,80,569
Mozgovo,43.6580556,21.6594444,330,754
Mramor,42.6608333,21.2961111,722,634.8
Mramorak,44.8808333,21.0016667,110,595
Mratiöici,44.1830556,19.9530556,438,879.8
Mrtvica,42.7822222,22.0791667,560,754.7
Mucanj,43.5452778,20.04,1534,1200
Mukate,42.6105556,21.3233333,700,606.6
Muöika-Marovce,42.6816667,21.6633333,880,610
Muöutiöte,42.2975,20.8936111,595,828
Nadalj,45.5091667,19.9280556,80,562.9
Nadrljan,45.9947222,20.0461111,85,578.4
Nakovo,45.8733333,20.5719444,82,551.2
Nastavci-Jastrebac,43.4386111,21.3722222,575,840
Natalinci,44.2533333,20.8119444,140,651.7
Necavce,42.1708333,21.3069444,570,630
Nedakovac,42.7997222,20.9944444,515,620.5
Negbin,43.5552778,19.7955556,925,858.5
Negotin,44.2280556,22.5361111,42,642.9
Neresnica,44.4419444,21.7325,400,770
Nerodimlje,42.3691667,21.0897222,640,844
Neuzin,45.3472222,20.7163889,80,619.3
Niö,43.3225,21.8997222,202,598
Niöevac,43.4616667,22.1033333,480,625.3
NovaCrnja,45.6719444,20.6391667,80,595
NovaVaroö,43.46,19.8183333,960,1019
NoviBecej,45.5952778,20.1388889,80,581.5
NoviKarlovci,45.0811111,20.1827778,104,593.4
NoviKneûevac,46.0383333,20.0963889,85,567
NoviPazar,43.1366667,20.5175,545,680
NoviSad,45.2533333,19.8461111,84,595.2
NoviSlankamen,45.1272222,20.2469444,130,575.1
NoviVladimirovac,45.0333333,20.92,140,684
Noviéednik,45.9427778,19.6741667,110,579.9
NovoMiloöevo,45.725,20.3375,80,696
NovoSelo(Pcinja),42.3683333,21.9866667,550,676.6
Obrenovac,44.6561111,20.2125,80,696
Obreû,44.7369444,20.0063889,80,600
Odûaci,45.5063889,19.2652778,90,609.2
Ogar,44.7955556,19.9786111,80,565
Okose,43.2033333,20.3444444,1050,725
Okruglica(Vlasina),42.6688889,22.3363889,1260,897.2
Omoljica,44.7583333,20.7597222,80,680
Oplanic,43.9888889,20.6877778,300,670.9
Opovo,45.0558333,20.4630556,80,613.2
Orahovac,42.4002778,20.6627778,415,740
Oraöac,44.5958333,20.0369444,115,662.2
Oraöje(Varvarin),43.7430556,21.2741667,200,624
Oreökovica,44.3177778,21.3358333,145,694.1
Orlane,42.8175,21.3427778,640,705
Orom,45.9763889,19.8383333,110,587.3
Osecina,44.3736111,19.6075,210,883.8
Oöljane,43.675,22.3808333,410,643.6
Osonica,43.5941667,20.3186111,625,1016.8
Ostojicevo,45.8891667,20.1725,85,540.5
Oötrozub,42.8813889,22.245,1548,925
Ostruûnica,44.7288889,20.3252778,90,659.3
OvcarBanja,43.9,21.1925,285,779.8
Padina,45.1183333,20.7316667,110,637.1
Pagaruöa,42.4177778,20.7461111,552,730.9
Palatna(Siljevica),43.0538889,21.1188889,765,722.5
Palic,46.1016667,19.7663889,108,545
Paljane,43.9777778,21.4405556,190,644.4
Pambukovica,44.4413889,19.9288889,180,745.3
Pancevo,44.8683333,20.6488889,80,626.5
PancicevVrh,43.2691667,20.8288889,2017,1218
Papratna,43.4672222,22.4225,480,767.8
Paracin,43.8636111,21.415,125,626
Parage,45.4147222,19.4088889,85,594
Parcane,43.6861111,21.2294444,230,614.5
Partizani,44.3366667,20.4630556,202,748
Pasjaca(Toplica),43.1630556,21.6280556,971,677
Paötrik,42.2102778,20.5294444,1988,1450
Pec,42.6580556,20.2980556,525,862
Pecena(850?),42.3555556,21.5613889,750,883.2
Pecka,44.2902778,19.5441667,310,945.9
Perlez,45.2105556,20.3802778,80,577.9
Petina,43.4991667,21.4194444,279,733.5
Petkovica,44.6708333,19.4416667,100,797
Petrovac-Mlava,44.3797222,21.4208333,125,688.7
Petrovac-Prok.,43.32,21.585,485,626.4
Petrovaradin,45.2358333,19.8930556,120,647.7
PetrovoSelo,44.63,22.4280556,450,846.7
Pirot,43.1563889,22.5927778,370,625
Planina,44.3502778,19.2466667,660,1067
Planinica,43.8347222,22.1216667,380,676.2
Platicevo,44.8266667,19.8288889,80,595
Plavna(Negotin),44.2986111,22.2683333,280,777.3
Plavna(Vojvodina),45.3497222,19.1302778,82,691.1
Pleö,43.4838889,20.9236111,580,807.1
Pocuta,44.2088889,19.7341667,480,1037.8
Podgorac,43.9380556,21.9569444,325,686.8
Podrince,43.0533333,21.8694444,300,637.6
Podujevo,42.9063889,21.1991667,620,675.3
Podvröka,44.5852778,22.5022222,140,653.8
Ponikve(Uzice),43.8844444,19.7136111,900,880
Ponorac,42.5019444,20.6272222,515,796
Ponoöevac,42.4066667,20.2888889,420,920
Popinci,44.9308333,20.0472222,85,640
Popovica,44.2222222,22.2891667,400,683.4
Porodin,43.4030556,21.5883333,350,746.1
Postenje,44.1430556,19.5663889,600,933.1
Povlen,44.1305556,19.7455556,1347,1180
Poûar(Razbojna-Blace),43.2777778,21.1361111,1164,830
Poûarevac,44.6211111,21.19,80,674
Poûarevac-Ljub.,44.5975,21.1430556,80,649
Poûega,43.8458333,20.0408333,333,739.6
Prahovo,44.2930556,22.5980556,60,687.8
Pranjani,43.9786111,20.2116667,475,747
Praskovce,43.6227778,21.5538889,165,630.6
Predejane,42.8316667,22.1386111,318,767
Predvorica,44.69,19.8116667,135,709
Preobraûenje,42.4669444,21.9419444,495,637.8
Preöevo,42.3097222,21.6536111,510,705
Priboj,43.5813889,19.5325,390,788
Pridvorica(r.Studenica),43.4811111,20.3775,900,759.9
Prigrevica,45.6780556,19.0891667,90,713.8
Prijepolje,43.3886111,19.6516667,450,799
Priluûje)kosovopolje),42.7330556,21.0302778,530,648
Prisjan,43.0791667,22.5619444,540,640.8
Priötina,42.6652778,21.1708333,645,605
Prizren,42.2102778,20.7461111,420,790
Prlita,43.8538889,22.3494444,250,709.6
Prokuplje,43.2308333,21.5883333,265,544
ProlomBanja,43.0447222,21.4058333,600,773
Prugovac(Aleksinac),43.5597222,21.7919444,320,650
Prugovo(Poûarevac),44.5630556,21.1977778,80,646
Rabe,46.1155556,20.2608333,80,635
Raca(Kraguj.),44.2238889,20.9897222,135,620.9
Raca(Kuröum.),43.0125,21.3191667,435,579
Radan,42.9986111,21.5036111,1408,950
Radenka,44.5858333,21.7958333,390,766
Radicevac,43.5841667,22.4236111,585,810
Radinjince,43.0069444,22.4202778,465,725.3
Radiöevo,42.8263889,20.7013889,790,730
Radojevo,45.7475,20.7902778,80,556.1
Radoöevac,42.7272222,21.2594444,860,693.3
Radovnica,42.4141667,22.2325,945,758.2
Rajac(pl.),44.1363889,20.2302778,847,950
Rajaci(Visegrad),43.8630556,19.3452778,950,908
Rajkinac(Bagrdan),44.0727778,21.2477778,200,669
RakovDol,42.9283333,22.4238889,760,756
RakovinaAKMO,42.4913889,20.5169444,360,787.6
Ralja,44.57,20.5661111,230,695.9
Ram,44.8111111,21.3391667,95,657.4
Ranilug,42.4875,21.6016667,440,612.7
Ranovac,44.4430556,21.4841667,155,750.1
Raöane,42.9041667,20.9483333,860,686.5
Raöka,43.2872222,20.6186111,420,650
Rasno(Sjenica),43.1525,20.1444444,1150,765.2
Rastina,45.9616667,19.0372222,105,562.8
Rastiöte(Peruckoj.),43.9283333,19.3622222,750,1013.3
Ratkovo,45.4566667,19.345,95,572.1
Rautovo,43.2775,22.045,600,760.4
RavnaDubrava,43.0708333,22.1963889,450,762.7
RavniTopolovac,45.4594444,20.5736111,80,568.3
Raûana(Valjevo),44.0730556,19.9236111,508,820.3
Raûanj,43.6763889,21.5536111,290,671.8
Razbojiöte,44.1627778,19.6183333,950,1066
Razbojna,43.3436111,21.1688889,300,833
Recane,42.1725,20.8225,620,809.2
Rekovac,43.8622222,21.1,245,655.7
Restelica(Sarpl.),41.9438889,20.6755556,1450,1077.5
Rezala,42.6883333,20.7738889,745,729.3
Reûevice(Sjenica),43.0766667,20.1958333,1200,698
Rgaje,43.1108333,21.5036111,650,705.1
Rgotina,44.0097222,22.2775,150,659.2
Ribare,43.4402778,21.5402778,380,659.9
Ribaric,42.9713889,20.4577778,685,751.5
Ridica,45.9925,19.1119444,100,580
Riljac,43.7241667,21.0663889,300,725
Rimskiäancevi,45.3230556,19.8455556,85,588
Rocevac,44.2169444,21.3197222,150,694.8
Rogacica,44.0375,19.6408333,240,774
Rogozna,43.0138889,20.58,1479,950
Rtanj,43.7758333,21.8988889,1570,940
Rudine(Studenica-Radocelo),43.4288889,20.4005556,1050,675
RudnaGlava,44.3247222,22.0925,185,689
Rudnik,44.1311111,20.5455556,1132,969
RudnikNaselje,44.1408333,20.5047222,595,884.8
Rudno,43.4152778,20.4872222,1120,832
Rudoka,41.9186111,20.7811111,2658,1500
Rudovci,44.3694444,20.4147222,180,781.1
Rujiöte,43.7222222,21.9983333,550,764.7
Ruma,45.0077778,19.8288889,110,641
Rumenka,45.2927778,19.7469444,80,592.7
Ruöanj,44.6825,20.4444444,230,717.7
RuskiKrstur,45.5619444,19.4211111,85,580.1
RuskoSelo,45.76,20.5808333,80,536.2
äabac,44.7522222,19.6933333,80,694
Sajan,45.8430556,20.2805556,80,560
äajkaö,45.2725,20.0947222,76,582.7
äajkovac,42.8563889,21.2536111,630,624.3
Sakule,45.1452778,20.4863889,80,605.5
Salaö(Krajinski),44.1108333,22.3275,255,633.3
Samanjac,43.795,21.6861111,852,850
Samodreûa,42.8238889,21.055,600,657.2
Sanad,45.9766667,20.1113889,85,573.2
äarpl.(Vraca),41.8877778,20.7427778,2536,1500
äarbanovac,43.9616667,22.0819444,260,645.9
äaöinci,44.9725,19.7683333,90,660
äatrinci(Ruma),45.0619444,19.9277778,146,571.5
SecaReka,44.0105556,19.8419444,480,798.3
Secanj,45.3663889,20.7766667,80,700.9
Seleuö,45.1375,20.9497222,80,620
Selevac,44.4944444,20.8827778,180,593
Seljance,43.0063889,20.9566667,880,758.7
Selova,43.2177778,21.1338889,460,656.1
Semegnjevo,43.7502778,19.5880556,955,807.1
SenjskiRudnik,43.9944444,21.5783333,600,803
Senovac,42.4472222,20.6038889,550,722.6
Senta,45.9491667,20.1083333,80,626
äetonje,44.2738889,21.4761111,170,768
Sevojno,43.8527778,19.9313889,390,781.4
Sibac,44.9147222,19.9661111,80,625
Sibnica,44.4686111,20.4872222,150,738.7
Sicevo,43.3405556,22.0891667,515,668.5
äid,45.1277778,19.2327778,105,668
SijarinsakaBanja,42.7772222,21.6077778,455,885
Siljevica,43.0366667,21.0888889,950,824
äiljevica(Rekovac),43.8447222,20.04,500,805.4
Sinoöevic,44.6172222,19.6533333,145,733.5
äipikovo,44.0288889,22.5022222,280,654.3
Sirogojno,43.6877778,19.8858333,870,923.6
äirokaPlanina(Pcinja),42.3363889,22.0283333,1345,801.1
Sisevac,43.9513889,21.6302778,350,739.7
Sjenica,43.2783333,20.0344444,1015,713
Skela,44.6886111,20.0852778,75,635
Skivijane–akovica,42.4305556,20.3883333,415,1024
Skorenovac,44.7666667,20.9372222,75,655
Skrovna,42.8919444,21.0261111,900,665
Skrûuti,43.7708333,19.9083333,640,976.6
SlavkovceGornje,42.4436111,21.3577778,650,760.1
Smac,42.3005556,20.7277778,320,750.4
Smederevo,44.6663889,20.9638889,120,673
SmederevskaPalanka,44.3719444,20.9966667,121,651
Smiljevic,42.675,21.9105556,640,768.6
Smilovci,43.085,22.8544444,680,644.9
Smoljinac,44.6055556,21.3527778,140,621.3
Snegotin,44.6113889,21.6413889,220,722.5
Socica,45.0916667,21.4813889,150,715
SokoBanja,43.6519444,21.9036111,300,560
Sokolskapl.,44.2883333,19.4363889,971,1100
Sombor,45.7863889,19.1452778,87,578
äomrda,44.5397222,21.9811111,803,910
Sonta,45.5936111,19.1008333,85,602.7
Sopot,44.525,20.6066667,170,691.3
Sr.Kamenica,45.2388889,19.8761111,150,648.1
Sr.Karlovci,45.2002778,19.9680556,130,570
Sr.Mitrovica,44.9725,19.6441667,81,643.3
Srbica,42.7472222,20.7927778,640,620
Srbobran,45.5538889,19.8347222,80,585.4
SrebrnaGlava,43.1925,23.0105556,1933,1080
Sredska,42.1702778,20.86,720,976
Sremcica,44.6791667,20.4261111,210,761.9
SremskaRaca,44.9272222,19.3213889,80,700
SremskiPavlovci,45.0522222,19.7911111,130,690
Srnje,43.6311111,21.3111111,210,650.3
SrpskaCrnja,45.7305556,20.7222222,80,569.7
SrpskiItebej,45.5738889,20.7466667,85,600.2
SrpskiMiletic,45.5680556,19.2377778,85,635.2
Stalac,43.6827778,21.4466667,150,608.7
Staniöic,45.9413889,19.1988889,95,574.5
Staniöinci,43.5433333,20.9266667,900,845.9
Stapar,45.6686111,19.2369444,90,593.8
StaraMoravica,45.8794444,19.4988889,110,593.8
Starcevo,44.8105556,20.7377778,80,665
StariGlog,42.4744444,22.1366667,900,794.2
StariSivac,45.7138889,19.3836111,85,540.2
Starica,44.4375,21.9338889,797,920
ätava(Kopaonik),43.17,20.9786111,850,862
Stave(Krupanj),44.3575,19.5158333,300,936
ätavica,44.1863889,20.3416667,225,832.1
Stepanje,44.3652778,20.0983333,230,805.7
Stepanovicevo,45.4172222,19.7313889,85,596.9
Stepojevac,44.765,20.2613889,125,656.4
ätimlje,42.4325,21.0452778,610,757.7
ätitar(Sabac),44.7925,19.5988889,83,698.5
Stolovi,43.6102778,20.6161111,1375,1200
StojkovicaMahala,42.6963889,22.3783333,1280,862.9
Stragari,44.1536111,20.6994444,260,738.9
Streöer,42.6263889,22.2727778,1875,1120
Strezovce,42.65,21.5119444,900,661.9
Strmosten,44.1163889,21.62,380,799.9
Strmovo,44.085,19.5883333,700,910
ätrpce,42.2388889,21.0327778,860,925
Stubla,42.8894444,21.5036111,660,630.1
Stubline,44.5788889,20.1516667,100,694.9
Studenica,43.4866667,20.5369444,465,671.6
Subotica,46.1036111,19.6975,110,533.7
Subotinac,43.6058333,21.725,280,612.3
Sugubine,43.3686111,20.0577778,1090,674.1
Sukovo,43.0472222,22.6580556,475,650.4
Sumrakovac,43.9394444,22.0369444,220,664.6
Surcin,44.7913889,20.2763889,75,661.2
Surdulica,42.6908333,22.1769444,500,737.2
äurjan(JasaTomic),45.3994444,20.8788889,80,746.2
äuöara,44.9408333,21.1302778,180,670
Susek,45.2213889,19.5652778,80,651.6
Suöice,42.2902778,21.0233333,800,1006.8
SuvaReka,42.3583333,20.8302778,420,722
Sv.Ilija,42.5727778,21.8105556,1274,810
SvetozarMiletic,45.8516667,19.2405556,90,574.8
Svilajnac,44.2330556,21.2294444,100,675.6
Sviloö,45.1741667,19.5911111,150,697.2
Svode,42.9766667,22.2702778,290,795.6
Svojnovo,43.7933333,21.3194444,140,639.6
Svrlj.pl.,43.33,22.2586111,1334,850
Svrljig,43.4144444,22.1294444,375,639.6
Tanda,44.2291667,22.1508333,335,700
Tankosic,42.3783333,21.2933333,510,637.2
Taor,44.0952778,19.8369444,900,978
Tara(Mitrovac),43.9211111,19.4283333,1080,1012.6
Taraö,45.4722222,20.2316667,80,547.2
Tavankut,46.0822222,19.5141667,125,559.2
Tekeriö,44.5530556,19.5616667,280,825.6
Tekija,44.6838889,22.4133333,80,770
Temerin,45.4186111,19.9236111,80,583
Temska,43.2594444,22.55,380,649.5
Tijovac,43.4441667,22.2338889,630,724.9
Titel,45.2641667,20.2605556,85,596.2
Toba,45.6963889,20.5905556,80,556.6
Togocevac,42.9430556,21.8616667,240,638.5
Tomaöevac,45.2733333,20.6541667,80,597.3
TopliDo,43.3402778,22.6886111,700,822.2
Topola,44.2680556,20.7163889,250,665.1
Toponica(Zaplanje),43.1591667,21.9283333,240,577.9
Torda,45.5908333,20.4916667,85,575.5
Tornjoö,45.8816667,19.8663889,110,539
Tovariöevo,45.3641667,19.3588889,85,615.2
Tovrljane,43.1058333,21.4275,585,681.3
TrajanovaTabla,44.6066667,22.3155556,290,790.5
Trecak,43.2575,21.0116667,850,642.6
Trem,43.1833333,22.1769444,1808,1143
Tresibaba,43.4791667,22.2247222,787,810
Treönjevica,43.8738889,21.3552778,120,665
Trgoviöte(Vranj.),42.3630556,22.0891667,600,675.8
Trgoviöte(éicko),43.8086111,20.7380556,570,897.6
Trnavci,43.4313889,21.1263889,305,636.4
TroglanBara,43.9805556,21.7380556,720,950
Troglav,43.6452778,20.4869444,1177,920
Trstena,42.675,21.7908333,1030,876.4
Trstenik,43.6172222,21.0358333,170,735.8
Tudevce,42.6866667,21.5608333,1040,811.7
Tulare,42.7916667,21.4675,520,712.1
Tupiûnica,43.7233333,22.16,1162,820
Tutin,42.9902778,20.34,850,750
Ub,44.4580556,20.1075,90,731
Udovice,44.6416667,20.8877778,180,725.7
Ugao,43.0538889,20.0922222,1200,975.7
Ugrinovci,44.8766667,20.2188889,80,620.4
Ukca,42.8047222,20.6172222,550,713.5
Uljma,45.0413889,21.1877778,90,644.6
Umcari,44.6019444,20.7663889,140,677.3
Umka,44.6875,20.3377778,85,709.2
Uroöevac,42.3697222,21.1558333,580,692
Uöce(ibarsko),43.4716667,20.6519444,335,612.3
Uöce(savsko),44.8230556,20.4472222,70,674.6
Uzdin,45.2097222,20.6538889,80,600.3
Uûice,43.8563889,19.8741667,440,790
Vajska,45.4144444,19.1461111,85,601.8
Valjevo,44.2752778,19.9172222,174,809.3
Varna,44.6741667,19.6838889,110,753.2
Varvarin,43.7183333,21.4052778,140,629.6
Vaöica,45.1,19.22,85,679.4
Vatin,45.2202778,21.2647222,80,774
VelikaDrenova,43.6333333,21.1655556,175,696.7
VelikaJablanica,42.7583333,20.3227778,585,928.6
VelikaKrsna,44.4869444,20.8383333,230,662.4
VelikaKruöa,42.3188889,20.6436111,320,752.1
VelikaLukanja,43.2352778,22.6836111,600,713.6
VelikaPcelica,43.9072222,21.0069444,390,714.9
VelikaPlana,44.3330556,21.1072222,115,701
VelikaPlana(Toplica),43.3202778,21.4461111,505,681.2
VelikaRemeta,45.1519444,19.9536111,200,684.2
Velikaäatra,43.0958333,21.2163889,780,820.3
VelikiGaj,45.2952778,21.2063889,85,662
VelikiGreben,44.3561111,22.2505556,655,930
VelikiMokriLug,44.7586111,20.5613889,220,707.6
VelikiPopovic,44.1141667,21.3925,180,690.3
Velikiäiljegovac,43.5194444,21.5630556,235,678.5
VelikoGradiöte,44.7597222,21.5452778,82,675.3
VelikoRibare,42.5086111,21.0463889,570,666.2
VelikoSrediöte,45.1797222,21.4402778,110,724
VelikoTrnjane,42.9272222,21.9527778,240,660.4
Veluce,43.5508333,21.1319444,220,813.6
Vencane,44.4038889,20.5011111,140,734.2
Vidlic,43.1361111,22.8238889,1413,840
Vidojevica,43.1411111,21.5613889,1155,825
Vilovo,45.2458333,20.1633333,70,635.6
Vina,43.6188889,22.1522222,370,665
VisockaRûana,43.1552778,22.8175,700,720.9
Vitanovac,43.3519444,22.3544444,600,783.4
Vitkovac,43.7905556,20.7947222,215,695.2
Vitoöevac,43.7388889,21.6116667,250,650
VladicinHan,42.7075,22.0686111,395,742.5
Vladimirci,44.6116667,19.8191667,120,719
Vlahinja,42.9702778,20.8822222,950,627.8
Vlajkovci,43.3372222,20.9844444,620,749
Vlaole,44.2716667,22.0172222,400,815
Vlasi,42.9969444,22.6397222,485,682.8
Vlasina,42.7336111,22.3411111,1190,842.8
VlasinaRid,42.7211111,22.3236111,1380,828.1
Vlasotince,42.9647222,22.1333333,270,710.5
VodiceKrtog,43.0216667,21.2597222,820,807.1
Vojka,44.9388889,20.1872222,80,600
Voluja,44.4877778,21.8061111,185,719
Volujak,42.5619444,20.5761111,350,780.9
Vranic,44.605,20.3563889,230,733
Vranje,42.5516667,21.9044444,433,624
Vranovina,43.2363889,20.4463889,700,625.8
Vratarnica,43.7922222,22.3505556,160,700.1
Vrba,43.6963889,20.8186111,190,745.9
Vrbas,45.58,19.6752778,87,551
Vrbica,46.0161111,20.3452778,80,612
Vrbica,42.5388889,21.3261111,820,785
Vrcin,44.6647222,20.6241667,250,712.4
Vrdila,43.7116667,20.5836111,245,760.4
Vrmbaje,43.5208333,20.4163889,1095,842.7
VrnjackaBanja,43.6166667,20.9336111,235,780.9
Vröac,45.1238889,21.3361111,83,660
Vucitrn,42.8222222,20.9708333,500,598.4
Vucje,42.8647222,21.915,270,844.7
Vuckovica,43.6725,20.2733333,495,947.1
Vuckovica(Knic),43.9591667,20.7988889,335,666.5
Vukosavci,44.2522222,20.5272222,360,866.6
éabalj,45.3719444,20.0688889,80,611.4
éabari,44.3558333,21.22,110,639.7
Zabrde,43.5683333,19.3213889,780,903.8
éagubica,44.1966667,21.79,314,649.3
Zajaca,44.4622222,19.2663889,340,920
Zajecar,43.905,22.3158333,137,618
Zakuta,43.8383333,20.8441667,300,722.3
Zaovine,43.8647222,19.3897222,900,880
Zapluûje,42.1286111,20.7611111,1160,1187
éar,42.2702778,20.9544444,1694,1350
éarkovo,44.7563889,20.4247222,175,647.6
Zatonje,44.7677778,21.3888889,150,657.9
Zavlaka,44.4708333,19.5177778,300,867.3
éeljin,43.4783333,20.8102778,1784,1112
Zemun(Cukovac),44.8297222,20.435,105,662.7
éitniPotok,43.0894444,21.5805556,495,592.7
éitorada,43.1886111,21.7147222,220,585.2
Zjum,42.2727778,20.6308333,630,855.8
Zlatibor,43.715,19.7036111,1029,964
Zlatovo,44.2044444,21.4722222,370,816.1
éljeb(Rusulija-Albanija),42.7497222,20.2505556,2381,1400
Zlot,44.0122222,21.9869444,300,709.9
Zmajevo,45.4605556,19.7188889,80,577.7
Zmijnjak,44.7577778,19.4758333,85,714.2
Zrenjanin,45.3916667,20.4163889,80,566
Zubetinac,43.6713889,22.1013889,580,667.8
ZubinPotok,42.9125,20.6991667,600,723.4
éupanjevac,43.8075,21.0341667,335,737.8
éur,42.165,20.6288889,430,1005
Zvijezda,43.9772222,19.3091667,1444,1000
Zvonce,42.9322222,22.5758333,700,706.7





